-1.01048
-0.607406
1.0086
1.11337
-0.0749128
-1.28555
1.39604
0.475682
-0.487645
-0.614498
1.31704
1.21343
-0.711102
-0.988906
0.600313
1.40459
0.441757
0.166432
-0.788777
-0.190529
1.38053
0.124219
-1.27047
-0.461582
1.16494
1.38801
-0.90512
-1.24949
0.671238
0.440903
-1.17852
-0.48897
0.179164
0.116955
-1.3114
-1.06128
0.862864
0.402621
-1.28961
-0.828641
0.269102
0.277092
-0.210482
-0.920672
0.551606
0.485423
-0.226333
-0.0289397
1.32926
0.637186
-0.466154
-0.565876
0.138574
0.125757
-1.01775
-0.0445347
0.34759
0.460514
-1.3502
-0.535327
0.50089
0.307256
-0.659104
-1.15575
1.3643
0.428982
-1.31516
-0.84979
0.437656
0.0224027
-0.497387
-0.213046
0.405227
0.242356
-0.592409
-0.219497
1.29119
0.609243
-1.04133
-0.60685
1.39057
1.29239
-0.814413
-1.37605
0.54289
1.16314
-0.796468
-0.361689
0.0183864
0.412106
-0.262351
-0.129388
0.984676
0.423428
-0.525458
-0.356092
0.0232572
1.30025
-0.139087
-0.15011
0.464701
0.935285
-0.333191
-0.466838
0.209969
0.219967
-0.866624
-0.276237
0.00877309
0.0861924
-0.776942
-0.438681
1.26175
0.573652
-1.00869
-0.545282
0.916271
0.217959
-1.00138
-1.27876
0.124304
0.351649
-0.218515
-0.351349
0.631247
0.0131739
-0.898967
-0.176045
1.36417
0.0567543
-0.611593
-1.32717
1.38856
0.75716
-0.294994
-1.34635
0.702257
0.303326
-0.963056
-0.951093
0.834964
0.8744
-0.757716
-0.801082
0.92268
0.291619
-0.530499
-0.6791
1.02527
1.14063
-0.233554
-1.04253
1.35613
1.35686
-1.30179
-0.601937
0.793135
0.969123
-0.107214
-1.0829
0.138532
0.193477
-0.267222
-0.227017
0.897728
1.17284
-0.886919
-0.989034
0.844748
1.15451
-1.1179
-1.18549
0.944172
0.600826
-0.514392
-1.35195
1.09696
0.0254789
-0.567671
-0.664317
0.680125
0.650132
-0.900249
-0.481279
0.948401
0.874144
-1.10132
-0.763313
0.066624
0.852439
-0.284013
-0.52503
0.241971
0.173994
-1.14691
-0.17707
0.924304
0.935712
-0.819284
-0.113708
0.34383
1.20424
-0.473503
-0.402151
0.354426
0.961048
-0.583864
-0.130286
0.451841
1.32332
-1.21411
-1.26893
1.13494
0.93443
-0.815011
-0.204415
1.07936
1.11871
-0.312725
-1.19878
1.29166
1.2932
-0.369465
-1.33225
0.713622
0.430734
-1.39766
-0.786043
0.644321
0.0679912
-1.20882
-0.62048
1.04966
0.852097
-1.27872
-1.30503
0.527637
0.719519
-1.10939
-0.556562
1.19848
0.701745
-0.0700421
-0.942163
0.887517
1.25005
-0.197536
-0.602663
0.470982
0.674443
-1.33789
-1.35289
0.35199
0.990145
-0.309905
-0.51546
1.33648
0.564765
-0.872947
-0.743702
0.677391
1.26077
-1.37844
-1.39066
1.35609
1.06641
-0.488329
-0.0793136
0.169423
1.30939
-0.44039
-0.232315
0.691661
0.846329
-0.642057
-0.0145838
1.27944
0.722296
-0.27393
-0.447825
1.38916
0.094054
-1.28478
-1.15152
0.175105
1.31089
-1.05795
-0.466966
1.23719
0.745966
-1.13234
-0.621292
0.286919
0.0735883
-0.257182
-1.08666
0.400826
0.584248
-0.963569
-0.391512
0.829196
1.23257
-0.732636
-0.740454
1.23005
0.811337
-1.14285
-0.697942
0.895934
1.14537
-0.476494
-1.0932
1.24334
0.499053
-0.367713
-1.00172
0.932251
0.691619
-0.372371
-0.560236
0.286235
0.312982
-1.24176
-0.0711957
0.180147
0.335028
-0.580574
-0.952418
0.865257
0.111401
-0.271837
-0.789333
1.29999
0.25966
-0.94806
-0.64509
0.255857
0.219668
-0.0913623
-0.0852525
1.16613
1.38198
-1.24368
-0.873118
0.986769
0.779549
-0.507299
-0.391768
0.0383821
0.237442
-1.21834
-1.35007
0.497899
0.573182
-0.573225
-0.627017
1.10803
0.142249
-0.490251
-0.612918
0.574464
0.922467
-0.486919
-0.301617
0.418686
0.830136
-1.05487
-1.09158
0.15528
0.663206
-0.512939
-1.35084
0.7628
0.163825
-1.22027
-0.703283
0.916485
0.394503
-1.13033
-0.691362
0.552332
0.922125
-0.567115
-0.372328
0.430051
0.602663
-0.205184
-0.103667
1.06513
0.261283
-0.534045
-0.874486
0.897429
0.660685
-1.18865
-1.23872
1.26594
1.0521
-0.62753
-0.206466
1.25812
0.102386
-0.138959
-1.15011
1.20249
0.291191
-0.057267
-1.28064
0.673332
0.771602
-0.569764
-0.951307
1.37652
0.788136
-0.59634
-0.544342
0.784462
0.0463292
-0.122296
-0.99728
0.889952
1.32682
-0.866154
-0.924646
1.14678
0.33819
-0.863206
-0.791939
1.36609
0.302471
-0.246756
-0.0976857
0.437912
1.2665
-1.20732
-0.819925
1.24547
0.233212
-1.21206
-0.28333
0.641715
1.10726
-0.265043
-0.703582
0.0570961
0.546778
-0.289824
-0.364552
0.206509
0.51781
-0.615353
-0.685252
0.0646159
1.04231
-1.24697
-1.13225
1.37886
0.135797
-1.10311
-0.83411
1.08726
0.626932
-0.0994802
-1.25436
0.912084
0.453422
-0.661881
-0.778224
1.09585
1.12772
-0.74806
-0.77079
0.550025
1.16665
-0.561689
-1.36165
1.18429
0.778139
-1.03766
-0.912768
0.885466
1.39946
-0.881493
-1.22625
0.915161
1.17998
-1.04312
-0.247269
0.993819
0.803005
-1.00694
-0.919177
0.841288
1.1399
-1.37904
-1.14682
1.04163
0.129987
-1.35293
-0.524347
1.00142
1.1813
-1.33511
-1.38374
0.870213
1.28376
-0.711443
-0.619925
0.991597
0.530926
-1.0362
-0.249833
0.154298
1.24236
-0.424069
-0.960151
0.211166
0.580745
-0.627487
-1.00108
0.135584
0.858164
-1.37968
-1.08226
1.0838
0.824411
-0.68474
-1.22663
1.3314
0.531738
-0.836972
-0.0387667
1.25372
1.26923
-1.04919
-0.544001
0.0180019
0.961219
-0.272435
-0.854404
1.35669
0.12268
-0.88803
-0.41813
0.289696
0.566432
-0.452738
-0.108025
0.36609
0.754383
-1.37933
-0.306145
1.09187
0.788307
-0.532465
-0.439878
0.914221
1.33251
-1.22236
-1.32674
0.230008
1.06286
-1.17673
-1.18331
0.788051
0.735669
-0.372584
-0.654832
1.35306
0.270469
-0.508923
-0.722125
1.4007
1.13977
-0.801937
-0.441074
0.112084
0.460301
-1.08337
-0.772413
1.0371
0.279356
-0.083928
-0.456327
1.29401
0.249277
-1.28282
-1.38972
0.875554
1.3848
-0.20386
-1.0612
1.12977
0.296318
-0.541223
-0.70089
1.38348
0.193477
-0.793819
-1.10068
0.578523
1.2518
-0.191512
-0.761347
0.288585
0.8371
-0.593093
-0.523407
0.585744
1.18139
-1.33806
-1.33687
0.525116
0.402877
-0.13302
-0.726654
0.317083
0.865599
-1.1543
-1.21074
0.154768
0.970619
-0.04744
-1.22544
1.16682
0.173951
-0.205654
-0.0158656
0.662779
0.124219
-0.607705
-1.0471
1.14148
0.914007
-1.19698
-0.591683
0.0291961
0.538489
-1.08277
-0.651157
-0.795614
-0.658506
0.869059
0.747974
-0.0393221
-0.573311
1.08978
1.24077
-0.134131
-0.783608
0.637271
0.951093
-0.63176
-0.0659831
0.0365877
0.418258
